age,health,Health1,Health2,Health3,Health4,Health5,Death
50,1,0.77351635,0.20557905,0.01795450,0.00160445,0.00062686,0.00071879
50,2,0.09764588,0.75287458,0.14133509,0.00724300,0.00042567,0.00047578
50,3,0.01203385,0.18106915,0.69117539,0.10634469,0.00814127,0.00123566
50,4,0.00314198,0.02570323,0.20617782,0.67387359,0.08678614,0.00431724
50,5,0.00000193,0.00361086,0.01802070,0.22836552,0.72466816,0.02533282
50,0,0.00000000,0.00000000,0.00000000,0.00000000,0.00000000,1.00000000
51,1,0.76984945,0.20816035,0.01875415,0.00174915,0.00068751,0.00079939
51,2,0.09623238,0.75152624,0.14358929,0.00763544,0.00047753,0.00053911
51,3,0.01193596,0.17964164,0.69088041,0.10772636,0.00843402,0.00138161
51,4,0.00319319,0.02573900,0.20464217,0.67358786,0.08809852,0.00473926
51,5,0.00000238,0.00369237,0.01853791,0.22718951,0.72351452,0.02706331
51,0,0.00000000,0.00000000,0.00000000,0.00000000,0.00000000,1.00000000
52,1,0.76611302,0.21075015,0.01958719,0.00190667,0.00075395,0.00088901
52,2,0.09483035,0.75010913,0.14586560,0.00804837,0.00053567,0.00061087
52,3,0.01183819,0.17821505,0.69054552,0.10911966,0.00873679,0.00154478
52,4,0.00324499,0.02577291,0.20310299,0.67325263,0.08942416,0.00520231
52,5,0.00000294,0.00377518,0.01906721,0.22598711,0.72225906,0.02890850
52,0,0.00000000,0.00000000,0.00000000,0.00000000,0.00000000,1.00000000
53,1,0.76230467,0.21334698,0.02045482,0.00207814,0.00082671,0.00098868
53,2,0.09343957,0.74862117,0.14816345,0.00848280,0.00060083,0.00069217
53,3,0.01174051,0.17678910,0.69016903,0.11052430,0.00904988,0.00172719
53,4,0.00329738,0.02580486,0.20155966,0.67286508,0.09076267,0.00571035
53,5,0.00000363,0.00385926,0.01960865,0.22475687,0.72089608,0.03087551
53,0,0.00000000,0.00000000,0.00000000,0.00000000,0.00000000,1.00000000
54,1,0.75842189,0.21594921,0.02135826,0.00226475,0.00090638,0.00109951
54,2,0.09205982,0.74706011,0.15048217,0.00893978,0.00067384,0.00078429
54,3,0.01164290,0.17536344,0.68974906,0.11193992,0.00937360,0.00193109
54,4,0.00335034,0.02583471,0.20001152,0.67242215,0.09211359,0.00626769
54,5,0.00000447,0.00394458,0.02016221,0.22349729,0.71941964,0.03297181
54,0,0.00000000,0.00000000,0.00000000,0.00000000,0.00000000,1.00000000
55,1,0.75446201,0.21855512,0.02229873,0.00246780,0.00099360,0.00122274
55,2,0.09069084,0.74542347,0.15282102,0.00942037,0.00075565,0.00088865
55,3,0.01154533,0.17393773,0.68928354,0.11336614,0.00970825,0.00215902
55,4,0.00340385,0.02586232,0.19845785,0.67192051,0.09347641,0.00687905
55,5,0.00000552,0.00403109,0.02072786,0.22220677,0.71782349,0.03520527
55,0,0.00000000,0.00000000,0.00000000,0.00000000,0.00000000,1.00000000
56,1,0.75042216,0.22116281,0.02327749,0.00268870,0.00108907,0.00135977
56,2,0.08933240,0.74370858,0.15517915,0.00992571,0.00084729,0.00100689
56,3,0.01144778,0.17251155,0.68877023,0.11480252,0.01005414,0.00241378
56,4,0.00345790,0.02588755,0.19689786,0.67135657,0.09485054,0.00754959
56,5,0.00000680,0.00411875,0.02130551,0.22088368,0.71610112,0.03758414
56,0,0.00000000,0.00000000,0.00000000,0.00000000,0.00000000,1.00000000
57,1,0.74629931,0.22377025,0.02429581,0.00292895,0.00119354,0.00151213
57,2,0.08798420,0.74191249,0.15755558,0.01045695,0.00094994,0.00114083
57,3,0.01135021,0.17108448,0.68820665,0.11624854,0.01041160,0.00269852
57,4,0.00351245,0.02591022,0.19533070,0.67072638,0.09623530,0.00828494
57,5,0.00000838,0.00420752,0.02189505,0.21952629,0.71424568,0.04011707
57,0,0.00000000,0.00000000,0.00000000,0.00000000,0.00000000,1.00000000
58,1,0.74209024,0.22637521,0.02535496,0.00319021,0.00130785,0.00168154
58,2,0.08664597,0.74003202,0.15994923,0.01101531,0.00106490,0.00129258
58,3,0.01125261,0.16965602,0.68759008,0.11770362,0.01078092,0.00301674
58,4,0.00356748,0.02593016,0.19375547,0.67002570,0.09762992,0.00909127
58,5,0.00001033,0.00429732,0.02249633,0.21813285,0.71225006,0.04281311
58,0,0.00000000,0.00000000,0.00000000,0.00000000,0.00000000,1.00000000
59,1,0.73779149,0.22897530,0.02645621,0.00347424,0.00143288,0.00186988
59,2,0.08531737,0.73806365,0.16235886,0.01160202,0.00119362,0.00146448
59,3,0.01115492,0.16822565,0.68691751,0.11916711,0.01116243,0.00337237
59,4,0.00362297,0.02594718,0.19217115,0.66924991,0.09903352,0.00997528
59,5,0.00001273,0.00438809,0.02310914,0.21670150,0.71010683,0.04568172
59,0,0.00000000,0.00000000,0.00000000,0.00000000,0.00000000,1.00000000
60,1,0.73339940,0.23156792,0.02760084,0.00378294,0.00156961,0.00207928
60,2,0.08399808,0.73600354,0.16478307,0.01221838,0.00133772,0.00165920
60,3,0.01105712,0.16679276,0.68618567,0.12063825,0.01155643,0.00376977
60,4,0.00367887,0.02596106,0.19057668,0.66839397,0.10044512,0.01094430
60,5,0.00001568,0.00447975,0.02373321,0.21523035,0.70780827,0.04873274
60,0,0.00000000,0.00000000,0.00000000,0.00000000,0.00000000,1.00000000
61,1,0.72891006,0.23415026,0.02879012,0.00411838,0.00171910,0.00231208
61,2,0.08268774,0.73384748,0.16722031,0.01286569,0.00149902,0.00187976
61,3,0.01095916,0.16535671,0.68539090,0.12211621,0.01196322,0.00421379
61,4,0.00373515,0.02597157,0.18897091,0.66745244,0.10186362,0.01200631
61,5,0.00001931,0.00457222,0.02436824,0.21371744,0.70534635,0.05197644
61,0,0.00000000,0.00000000,0.00000000,0.00000000,0.00000000,1.00000000
62,1,0.72431931,0.23671927,0.03002531,0.00448276,0.00188248,0.00257087
62,2,0.08138594,0.73159083,0.16966881,0.01354532,0.00167951,0.00212959
62,3,0.01086099,0.16391678,0.68452923,0.12360003,0.01238311,0.00470987
62,4,0.00379176,0.02597847,0.18735257,0.66641943,0.10328776,0.01317000
62,5,0.00002377,0.00466541,0.02501384,0.21216074,0.70271277,0.05542347
62,0,0.00000000,0.00000000,0.00000000,0.00000000,0.00000000,1.00000000
63,1,0.71962269,0.23927165,0.03130762,0.00487847,0.00206102,0.00285855
63,2,0.08009227,0.72922852,0.17212658,0.01425865,0.00188145,0.00241253
63,3,0.01076255,0.16247218,0.68359623,0.12508863,0.01281637,0.00526404
63,4,0.00384866,0.02598149,0.18572031,0.66528854,0.10471616,0.01444483
63,5,0.00002925,0.00475920,0.02566958,0.21055820,0.69989892,0.05908485
63,0,0.00000000,0.00000000,0.00000000,0.00000000,0.00000000,1.00000000
64,1,0.71481549,0.24180384,0.03263826,0.00530806,0.00225604,0.00317832
64,2,0.07880627,0.72675496,0.17459139,0.01500710,0.00210732,0.00273296
64,3,0.01066380,0.16102205,0.68258705,0.12658079,0.01326329,0.00588302
64,4,0.00390578,0.02598034,0.18407270,0.66405285,0.10614725,0.01584109
64,5,0.00003600,0.00485348,0.02633493,0.20890769,0.69689593,0.06297198
64,0,0.00000000,0.00000000,0.00000000,0.00000000,0.00000000,1.00000000
65,1,0.70989265,0.24431198,0.03401837,0.00577428,0.00246899,0.00353373
65,2,0.07752745,0.72416400,0.17706075,0.01579208,0.00235990,0.00309582
65,3,0.01056467,0.15956541,0.68149633,0.12807515,0.01372412,0.00657432
65,4,0.00396306,0.02597469,0.18240816,0.66270486,0.10757930,0.01736993
65,5,0.00004428,0.00494812,0.02700930,0.20720703,0.69369466,0.06709660
65,0,0.00000000,0.00000000,0.00000000,0.00000000,0.00000000,1.00000000
66,1,0.70484880,0.24679190,0.03544905,0.00628007,0.00270146,0.00392872
66,2,0.07625529,0.72144888,0.17953183,0.01661505,0.00264226,0.00350669
66,3,0.01046509,0.15810123,0.68031817,0.12957016,0.01419911,0.00734624
66,4,0.00402043,0.02596421,0.18072503,0.66123650,0.10901037,0.01904346
66,5,0.00005445,0.00504298,0.02769203,0.20545404,0.69028572,0.07147079
66,0,0.00000000,0.00000000,0.00000000,0.00000000,0.00000000,1.00000000
67,1,0.69967823,0.24923908,0.03693131,0.00682857,0.00295513,0.00436767
67,2,0.07498920,0.71860215,0.18200149,0.01747746,0.00295783,0.00397187
67,3,0.01036498,0.15662834,0.67904607,0.13106410,0.01468845,0.00820805
67,4,0.00407782,0.02594852,0.17902150,0.65963903,0.11043831,0.02087481
67,5,0.00006693,0.00513791,0.02838233,0.20364646,0.68665949,0.07610687
67,0,0.00000000,0.00000000,0.00000000,0.00000000,0.00000000,1.00000000
68,1,0.69437484,0.25164865,0.03846610,0.00742316,0.00323182,0.00485543
68,2,0.07372858,0.71561561,0.18446618,0.01838076,0.00331038,0.00449848
68,3,0.01026427,0.15514548,0.67767286,0.13255502,0.01519234,0.00917002
68,4,0.00413513,0.02592724,0.17729567,0.65790304,0.11186076,0.02287816
68,5,0.00008225,0.00523274,0.02907937,0.20178205,0.68280616,0.08101743
68,0,0.00000000,0.00000000,0.00000000,0.00000000,0.00000000,1.00000000
69,1,0.68893215,0.25401534,0.04005424,0.00806742,0.00353350,0.00539736
69,2,0.07247274,0.71248025,0.18692196,0.01932637,0.00370412,0.00509456
69,3,0.01016285,0.15365126,0.67619064,0.13404075,0.01571092,0.01024358
69,4,0.00419227,0.02589992,0.17554547,0.65601841,0.11327507,0.02506886
69,5,0.00010103,0.00532729,0.02978216,0.19985852,0.67871572,0.08621527
69,0,0.00000000,0.00000000,0.00000000,0.00000000,0.00000000,1.00000000
70,1,0.68334329,0.25633344,0.04169642,0.00876516,0.00386227,0.00599942
70,2,0.07122098,0.70918613,0.18936436,0.02031568,0.00414368,0.00576916
70,3,0.01006063,0.15214416,0.67459073,0.13551883,0.01624428,0.01144137
70,4,0.00424913,0.02586611,0.17376873,0.65397426,0.11467834,0.02746343
70,5,0.00012405,0.00542137,0.03048966,0.19787358,0.67437803,0.09171331
70,0,0.00000000,0.00000000,0.00000000,0.00000000,0.00000000,1.00000000
71,1,0.67760094,0.25859682,0.04339319,0.00952047,0.00422040,0.00666818
71,2,0.06997249,0.70572233,0.19178843,0.02135005,0.00463420,0.00653250
71,3,0.00995750,0.15062251,0.67286357,0.13698654,0.01679249,0.01277740
71,4,0.00430558,0.02582531,0.17196313,0.65175893,0.11606738,0.03007966
71,5,0.00015225,0.00551475,0.03120068,0.19582496,0.66978281,0.09752455
71,0,0.00000000,0.00000000,0.00000000,0.00000000,0.00000000,1.00000000
72,1,0.67169736,0.26079885,0.04514494,0.01033763,0.00461029,0.00741093
72,2,0.06872646,0.70207682,0.19418860,0.02243073,0.00518131,0.00739609
72,3,0.00985333,0.14908448,0.67099867,0.13844080,0.01735551,0.01426720
72,4,0.00436150,0.02577698,0.17012621,0.64935994,0.11743867,0.03293669
72,5,0.00018678,0.00560723,0.03191391,0.19371039,0.66491972,0.10366198
72,0,0.00000000,0.00000000,0.00000000,0.00000000,0.00000000,1.00000000
73,1,0.66562433,0.26293238,0.04695182,0.01122122,0.00503453,0.00823573
73,2,0.06748195,0.69823641,0.19655863,0.02355890,0.00579123,0.00837289
73,3,0.00974801,0.14752811,0.66898449,0.13987822,0.01793328,0.01592790
73,4,0.00441674,0.02572056,0.16825536,0.64676397,0.11878836,0.03605500
73,5,0.00022903,0.00569854,0.03262795,0.19152762,0.65977836,0.11013851
73,0,0.00000000,0.00000000,0.00000000,0.00000000,0.00000000,1.00000000
74,1,0.65937317,0.26498970,0.04881376,0.01217602,0.00549587,0.00915148
74,2,0.06623799,0.69418658,0.19889156,0.02473560,0.00647081,0.00947746
74,3,0.00964139,0.14595122,0.66680840,0.14129497,0.01852561,0.01777842
74,4,0.00447114,0.02565544,0.16634786,0.64395683,0.12011224,0.03945649
74,5,0.00028069,0.00578844,0.03334122,0.18927445,0.65434833,0.11696687
74,0,0.00000000,0.00000000,0.00000000,0.00000000,0.00000000,1.00000000
75,1,0.65293471,0.26696254,0.05073043,0.01320708,0.00599722,0.01016801
75,2,0.06499353,0.68991143,0.20117964,0.02596171,0.00722753,0.01072617
75,3,0.00953330,0.14435147,0.66445658,0.14268681,0.01913224,0.01983960
75,4,0.00452453,0.02558097,0.16440083,0.64092345,0.12140571,0.04316451
75,5,0.00034383,0.00587664,0.03405204,0.18694872,0.64861926,0.12415952
75,0,0.00000000,0.00000000,0.00000000,0.00000000,0.00000000,1.00000000
76,1,0.64629928,0.26884199,0.05270117,0.01431970,0.00654168,0.01129617
76,2,0.06374742,0.68539354,0.20341418,0.02723791,0.00806958,0.01213738
76,3,0.00942360,0.14272631,0.66191391,0.14404902,0.01975280,0.02213436
76,4,0.00457672,0.02549645,0.16241127,0.63764790,0.12266378,0.04720388
76,5,0.00042094,0.00596284,0.03475857,0.18454832,0.64258085,0.13172848
76,0,0.00000000,0.00000000,0.00000000,0.00000000,0.00000000,1.00000000
77,1,0.63945674,0.27061847,0.05472498,0.01551939,0.00713251,0.01254791
77,2,0.06249844,0.68061386,0.20558553,0.02856461,0.00900587,0.01373169
77,3,0.00931209,0.14107300,0.65916392,0.14537637,0.02038677,0.02468787
77,4,0.00462750,0.02540118,0.16037605,0.63411339,0.12388102,0.05160087
77,5,0.00051503,0.00604675,0.03545882,0.18207121,0.63622293,0.13968526
77,0,0.00000000,0.00000000,0.00000000,0.00000000,0.00000000,1.00000000
78,1,0.63239642,0.27228174,0.05680043,0.01681187,0.00777313,0.01393641
78,2,0.06124530,0.67555161,0.20768293,0.02994193,0.01004609,0.01553213
78,3,0.00919858,0.13938856,0.65618866,0.14666305,0.02103350,0.02752766
78,4,0.00467664,0.02529437,0.15829195,0.63030227,0.12505157,0.05638320
78,5,0.00062976,0.00612801,0.03615064,0.17951544,0.62953544,0.14804072
78,0,0.00000000,0.00000000,0.00000000,0.00000000,0.00000000,1.00000000
79,1,0.62510719,0.27382082,0.05892567,0.01820306,0.00846713,0.01547614
79,2,0.05998660,0.67018415,0.20969446,0.03136961,0.01120075,0.01756444
79,3,0.00908287,0.13766981,0.65296870,0.14790264,0.02169217,0.03068383
79,4,0.00472390,0.02517523,0.15615565,0.62619612,0.12616912,0.06157997
79,5,0.00076955,0.00620628,0.03683171,0.17687911,0.62250849,0.15680487
79,0,0.00000000,0.00000000,0.00000000,0.00000000,0.00000000,1.00000000
80,1,0.61757744,0.27522396,0.06109832,0.01969902,0.00921825,0.01718302
80,2,0.05872085,0.66448691,0.21160688,0.03284696,0.01248111,0.01985729
80,3,0.00896472,0.13591333,0.64948297,0.14908808,0.02236177,0.03418914
80,4,0.00476903,0.02504291,0.15396376,0.62177579,0.12722690,0.06722160
80,5,0.00093971,0.00628118,0.03749955,0.17416043,0.61513236,0.16598678
80,0,0.00000000,0.00000000,0.00000000,0.00000000,0.00000000,1.00000000
81,1,0.60979513,0.27647866,0.06331543,0.02130592,0.01003035,0.01907451
81,2,0.05744649,0.65843332,0.21340553,0.03437275,0.01389929,0.02244262
81,3,0.00884390,0.13411548,0.64570878,0.15021158,0.02304108,0.03807917
81,4,0.00481174,0.02489656,0.15171285,0.61702148,0.12821767,0.07333969
81,5,0.00114665,0.00635232,0.03815147,0.17135768,0.60739750,0.17559438
81,0,0.00000000,0.00000000,0.00000000,0.00000000,0.00000000,1.00000000
82,1,0.60174781,0.27757160,0.06557344,0.02303001,0.01090742,0.02116972
82,2,0.05616187,0.65199470,0.21507428,0.03594515,0.01546817,0.02535583
82,3,0.00872017,0.13227240,0.64162176,0.15126464,0.02372865,0.04239238
82,4,0.00485174,0.02473528,0.14939948,0.61191291,0.12913372,0.07996688
82,5,0.00139808,0.00641928,0.03878461,0.16846920,0.59929452,0.18563431
82,0,0.00000000,0.00000000,0.00000000,0.00000000,0.00000000,1.00000000
83,1,0.59342270,0.27848866,0.06786805,0.02487751,0.01185351,0.02348957
83,2,0.05486527,0.64514029,0.21659534,0.03756161,0.01720137,0.02863612
83,3,0.00859324,0.13038001,0.63719586,0.15223793,0.02442276,0.04717019
83,4,0.00488871,0.02455814,0.14702023,0.60642942,0.12996690,0.08713661
83,5,0.00170324,0.00648162,0.03939588,0.16549342,0.59081410,0.19611174
83,0,0.00000000,0.00000000,0.00000000,0.00000000,0.00000000,1.00000000
84,1,0.58480672,0.27921488,0.07019422,0.02685458,0.01287273,0.02605687
84,2,0.05355488,0.63783725,0.21794924,0.03921874,0.01911317,0.03232671
84,3,0.00846285,0.12843406,0.63240338,0.15312133,0.02512140,0.05245698
84,4,0.00492231,0.02436423,0.14457178,0.60055020,0.13070862,0.09488287
84,5,0.00207321,0.00653887,0.03998197,0.16242877,0.58194699,0.20703018
84,0,0.00000000,0.00000000,0.00000000,0.00000000,0.00000000,1.00000000
85,1,0.57588663,0.27973451,0.07254606,0.02896717,0.01396917,0.02889646
85,2,0.05222886,0.63005074,0.21911471,0.04091222,0.02121839,0.03647508
85,3,0.00832871,0.12643008,0.62721504,0.15390387,0.02582224,0.05830006
85,4,0.00495219,0.02415260,0.14205092,0.59425449,0.13134993,0.10323987
85,5,0.00252121,0.00659054,0.04053933,0.15927371,0.57268384,0.21839137
85,0,0.00000000,0.00000000,0.00000000,0.00000000,0.00000000,1.00000000
86,1,0.56664910,0.28003100,0.07491673,0.03122098,0.01514687,0.03203532
86,2,0.05088531,0.62174404,0.22006864,0.04263663,0.02353221,0.04113317
86,3,0.00819050,0.12436351,0.62160011,0.15457376,0.02652262,0.06474950
86,4,0.00497800,0.02392233,0.13945465,0.58752187,0.13188149,0.11224166
86,5,0.00306301,0.00663610,0.04106411,0.15602667,0.56301507,0.23019503
86,0,0.00000000,0.00000000,0.00000000,0.00000000,0.00000000,1.00000000
87,1,0.55708086,0.28008703,0.07729843,0.03362124,0.01640977,0.03550267
87,2,0.04952235,0.61287881,0.22078607,0.04438535,0.02606992,0.04635750
87,3,0.00804794,0.12222967,0.61552660,0.15511832,0.02721949,0.07185798
87,4,0.00499935,0.02367252,0.13678021,0.58033258,0.13229371,0.12192163
87,5,0.00371734,0.00667498,0.04155220,0.15268599,0.55293071,0.24243878
87,0,0.00000000,0.00000000,0.00000000,0.00000000,0.00000000,1.00000000
88,1,0.54716890,0.27988460,0.07968226,0.03617263,0.01776155,0.03933006
88,2,0.04813809,0.60341544,0.22124019,0.04615037,0.02884666,0.05220925
88,3,0.00790071,0.12002387,0.60896153,0.15552410,0.02790942,0.07968036
88,4,0.00501586,0.02340229,0.13402521,0.57266785,0.13257679,0.13231200
88,5,0.00450642,0.00670659,0.04199909,0.14924985,0.54242011,0.25511793
88,0,0.00000000,0.00000000,0.00000000,0.00000000,0.00000000,1.00000000
89,1,0.53690058,0.27940510,0.08205818,0.03887906,0.01920563,0.04355144
89,2,0.04673072,0.59331350,0.22140242,0.04792220,0.03187699,0.05875415
89,3,0.00774851,0.11774143,0.60187129,0.15577690,0.02858857,0.08827330
89,4,0.00502713,0.02311083,0.13118766,0.56451036,0.13272082,0.14344320
89,5,0.00545645,0.00673028,0.04239992,0.14571623,0.53147171,0.26822540
89,0,0.00000000,0.00000000,0.00000000,0.00000000,0.00000000,1.00000000
90,1,0.52626397,0.27862939,0.08441497,0.04174349,0.02074501,0.04820317
90,2,0.04529854,0.58253239,0.22124260,0.04968970,0.03517444,0.06606234
90,3,0.00759105,0.11537784,0.59422206,0.15586184,0.02925266,0.09769455
90,4,0.00503277,0.02279739,0.12826609,0.55584464,0.13271591,0.15534320
90,5,0.00659824,0.00674534,0.04274938,0.14208279,0.52007267,0.28175158
90,0,0.00000000,0.00000000,0.00000000,0.00000000,0.00000000,1.00000000
91,1,0.51524801,0.27753801,0.08674011,0.04476769,0.02238214,0.05332405
91,2,0.04383999,0.57103211,0.22072917,0.05143996,0.03875089,0.07420789
91,3,0.00742805,0.11292879,0.58598045,0.15576351,0.02989699,0.10800220
91,4,0.00503240,0.02246131,0.12525965,0.54665757,0.13255233,0.16803675
91,5,0.00796783,0.00675100,0.04304161,0.13834677,0.50820853,0.29568425
91,0,0.00000000,0.00000000,0.00000000,0.00000000,0.00000000,1.00000000
92,1,0.50384289,0.27611127,0.08901979,0.04795199,0.02411881,0.05895525
92,2,0.04235378,0.55877430,0.21982959,0.05315820,0.04261589,0.08326824
92,3,0.00725925,0.11039037,0.57711411,0.15546617,0.03051644,0.11925366
92,4,0.00502562,0.02210205,0.12216817,0.53693890,0.13222066,0.18154459
92,5,0.00960714,0.00674644,0.04327020,0.13450494,0.49586276,0.31000852
92,0,0.00000000,0.00000000,0.00000000,0.00000000,0.00000000,1.00000000
93,1,0.49204037,0.27432954,0.09123888,0.05129505,0.02595594,0.06514021
93,2,0.04083891,0.54572343,0.21851078,0.05482772,0.04677586,0.09332330
93,3,0.00708443,0.10775915,0.56759258,0.15495390,0.03110547,0.13150447
93,4,0.00501209,0.02171922,0.11899231,0.52668181,0.13171196,0.19588262
93,5,0.01156454,0.00673072,0.04342803,0.13055344,0.48301646,0.32470681
93,0,0.00000000,0.00000000,0.00000000,0.00000000,0.00000000,1.00000000
94,1,0.47983416,0.27217351,0.09338093,0.05479350,0.02789346,0.07192444
94,2,0.03929480,0.53184824,0.21673973,0.05642987,0.05123314,0.10445422
94,3,0.00690343,0.10503237,0.55738823,0.15421093,0.03165816,0.14480688
94,4,0.00499147,0.02131255,0.11573361,0.51588339,0.13101797,0.21106102
94,5,0.01389546,0.00670284,0.04350723,0.12648774,0.46964791,0.33975882
94,0,0.00000000,0.00000000,0.00000000,0.00000000,0.00000000,1.00000000
95,1,0.46722033,0.26962445,0.09542816,0.05844170,0.02993011,0.07935525
95,2,0.03772136,0.51712343,0.21448432,0.05794411,0.05598498,0.11674181
95,3,0.00671610,0.10220812,0.54647728,0.15322198,0.03216827,0.15920823
95,4,0.00496344,0.02088200,0.11239459,0.50454523,0.13013133,0.22708341
95,5,0.01666267,0.00666167,0.04349905,0.12230258,0.45573240,0.35514163
95,0,0.00000000,0.00000000,0.00000000,0.00000000,0.00000000,1.00000000
96,1,0.45419780,0.26666463,0.09736159,0.06223137,0.03206321,0.08748141
96,2,0.03611912,0.50153148,0.21171423,0.05934813,0.06102243,0.13026460
96,3,0.00652242,0.09928552,0.53484099,0.15197258,0.03262933,0.17474916
96,4,0.00492774,0.02042770,0.10897886,0.49267391,0.12904577,0.24394602
96,5,0.01993635,0.00660597,0.04339381,0.11799195,0.44124219,0.37082973
96,0,0.00000000,0.00000000,0.00000000,0.00000000,0.00000000,1.00000000
97,1,0.44076882,0.26327772,0.09916109,0.06615130,0.03428847,0.09635261
97,2,0.03448931,0.48506475,0.20840211,0.06061810,0.06632925,0.14509649
97,3,0.00632238,0.09626489,0.52246685,0.15044954,0.03303467,0.19146166
97,4,0.00488416,0.01995004,0.10549111,0.48028142,0.12775633,0.26163694
97,5,0.02379369,0.00653440,0.04318080,0.11354922,0.42614672,0.38679517
97,0,0.00000000,0.00000000,0.00000000,0.00000000,0.00000000,1.00000000
98,1,0.42693945,0.25944922,0.10080557,0.07018705,0.03659981,0.10601889
98,2,0.03283399,0.46772759,0.20452477,0.06172902,0.07188071,0.16130393
98,3,0.00611613,0.09314795,0.50934987,0.14864145,0.03337762,0.20936699
98,4,0.00483253,0.01944963,0.10193721,0.46738558,0.12625960,0.28013544
98,5,0.02831772,0.00644547,0.04284834,0.10896732,0.41041347,0.40300768
98,0,0.00000000,0.00000000,0.00000000,0.00000000,0.00000000,1.00000000
99,1,0.41272014,0.25516705,0.10227316,0.07432066,0.03898913,0.11652986
99,2,0.03115612,0.44953855,0.20006467,0.06265519,0.07764265,0.17894282
99,3,0.00590388,0.08993801,0.49549381,0.14653911,0.03365156,0.22847363
99,4,0.00477278,0.01892735,0.09832422,0.45401030,0.12455387,0.29941147
99,5,0.03359520,0.00633762,0.04238378,0.10423914,0.39400932,0.41943493
99,0,0.00000000,0.00000000,0.00000000,0.00000000,0.00000000,1.00000000
