age,health,Health1,Health2,Health3,Health4,Health5,Death
50,1,0.71971140,0.24140755,0.03069593,0.00556335,0.00177871,0.00084307
50,2,0.10466543,0.73365217,0.14688327,0.01324167,0.00061972,0.00093774
50,3,0.01319829,0.17978157,0.69861517,0.09598414,0.00960918,0.00281165
50,4,0.00519616,0.02220796,0.22861267,0.64932320,0.08309494,0.01156507
50,5,0.00890269,0.00422090,0.02278265,0.22409040,0.69783934,0.04216403
50,0,0.00000000,0.00000000,0.00000000,0.00000000,0.00000000,1.00000000
51,1,0.71766634,0.24217551,0.03149071,0.00584495,0.00187625,0.00094622
51,2,0.10318038,0.73219441,0.14919998,0.01368605,0.00068742,0.00105176
51,3,0.01316701,0.17822596,0.69763187,0.09795898,0.00991693,0.00309925
51,4,0.00524640,0.02230083,0.22671597,0.64890353,0.08442608,0.01240719
51,5,0.00832883,0.00430769,0.02315311,0.22201328,0.69729470,0.04490238
51,0,0.00000000,0.00000000,0.00000000,0.00000000,0.00000000,1.00000000
52,1,0.71558337,0.24293108,0.03230411,0.00614044,0.00197902,0.00106198
52,2,0.10170657,0.73066884,0.15153856,0.01414398,0.00076243,0.00117962
52,3,0.01313457,0.17666703,0.69658374,0.09996495,0.01023356,0.00341616
52,4,0.00529659,0.02239184,0.22481253,0.64841928,0.08576996,0.01330980
52,5,0.00779005,0.00439520,0.02352382,0.21990151,0.69657972,0.04780970
52,0,0.00000000,0.00000000,0.00000000,0.00000000,0.00000000,1.00000000
53,1,0.71346064,0.24367336,0.03313638,0.00645045,0.00208729,0.00119188
53,2,0.10024377,0.72907350,0.15389840,0.01461576,0.00084555,0.00132301
53,3,0.01310090,0.17510437,0.69546825,0.10200189,0.01055924,0.00376535
53,4,0.00534671,0.02248087,0.22290170,0.64786749,0.08712610,0.01427713
53,5,0.00728426,0.00448334,0.02389439,0.21775439,0.69568838,0.05089523
53,0,0.00000000,0.00000000,0.00000000,0.00000000,0.00000000,1.00000000
54,1,0.71129617,0.24440140,0.03398780,0.00677565,0.00220133,0.00133765
54,2,0.09879178,0.72740627,0.15627880,0.01510172,0.00093763,0.00148381
54,3,0.01306597,0.17353756,0.69428265,0.10406955,0.01089417,0.00415009
54,4,0.00539670,0.02256778,0.22098284,0.64724506,0.08849396,0.01531367
54,5,0.00680952,0.00457203,0.02426437,0.21557118,0.69461432,0.05416857
54,0,0.00000000,0.00000000,0.00000000,0.00000000,0.00000000,1.00000000
55,1,0.70908781,0.24511417,0.03485862,0.00711674,0.00232144,0.00150121
55,2,0.09735035,0.72566481,0.15867895,0.01560215,0.00103963,0.00166411
55,3,0.01302972,0.17196615,0.69302402,0.10616763,0.01123850,0.00457396
55,4,0.00544654,0.02265240,0.21905524,0.64654868,0.08987293,0.01642421
55,5,0.00636396,0.00466120,0.02463329,0.21335106,0.69335084,0.05763965
55,0,0.00000000,0.00000000,0.00000000,0.00000000,0.00000000,1.00000000
56,1,0.70683325,0.24581058,0.03574907,0.00747444,0.00244792,0.00168475
56,2,0.09591922,0.72384658,0.16109794,0.01611737,0.00115260,0.00186629
56,3,0.01299210,0.17038964,0.69168921,0.10829573,0.01159241,0.00504091
56,4,0.00549617,0.02273460,0.21711817,0.64577488,0.09126234,0.01761385
56,5,0.00594585,0.00475074,0.02500064,0.21109316,0.69189088,0.06131873
56,0,0.00000000,0.00000000,0.00000000,0.00000000,0.00000000,1.00000000
57,1,0.70452998,0.24648941,0.03665935,0.00784950,0.00258108,0.00189068
57,2,0.09449813,0.72194879,0.16353476,0.01664766,0.00127769,0.00209298
57,3,0.01295305,0.16880750,0.69027483,0.11045334,0.01195603,0.00555526
57,4,0.00554554,0.02281419,0.21517086,0.64491996,0.09266145,0.01888800
57,5,0.00555354,0.00484055,0.02536586,0.20879657,0.69022709,0.06521639
57,0,0.00000000,0.00000000,0.00000000,0.00000000,0.00000000,1.00000000
58,1,0.70217529,0.24714938,0.03758966,0.00824268,0.00272126,0.00212173
58,2,0.09308676,0.71996838,0.16598825,0.01719330,0.00141618,0.00234713
58,3,0.01291249,0.16721914,0.68877724,0.11263985,0.01232952,0.00612176
58,4,0.00559461,0.02289099,0.21321250,0.64398005,0.09406942,0.02025242
58,5,0.00518549,0.00493051,0.02572837,0.20646032,0.68835181,0.06934350
58,0,0.00000000,0.00000000,0.00000000,0.00000000,0.00000000,1.00000000
59,1,0.69976624,0.24778907,0.03854015,0.00865479,0.00286880,0.00238095
59,2,0.09168479,0.71790199,0.16845709,0.01775457,0.00156949,0.00263207
59,3,0.01287038,0.16562394,0.68719250,0.11485454,0.01271300,0.00674565
59,4,0.00564332,0.02296483,0.21124224,0.64295104,0.09548535,0.02171322
59,5,0.00484026,0.00502051,0.02608752,0.20408344,0.68625709,0.07371119
59,0,0.00000000,0.00000000,0.00000000,0.00000000,0.00000000,1.00000000
60,1,0.69729964,0.24840698,0.03951094,0.00908665,0.00302405,0.00267175
60,2,0.09029188,0.71574593,0.17093982,0.01833171,0.00173916,0.00295149
60,3,0.01282662,0.16402122,0.68551638,0.11709654,0.01310659,0.00743264
60,4,0.00569162,0.02303548,0.20925918,0.64182859,0.09690824,0.02327688
60,5,0.00451646,0.00511040,0.02644263,0.20166494,0.68393475,0.07833083
60,0,0.00000000,0.00000000,0.00000000,0.00000000,0.00000000,1.00000000
61,1,0.69477200,0.24900143,0.04050213,0.00953910,0.00318738,0.00299796
61,2,0.08890765,0.71349614,0.17343479,0.01892496,0.00192691,0.00330955
61,3,0.01278114,0.16241026,0.68374434,0.11936485,0.01351039,0.00818902
61,4,0.00573943,0.02310276,0.20726241,0.64060814,0.09833699,0.02495028
61,5,0.00421281,0.00520003,0.02679299,0.19920379,0.68137639,0.08321398
61,0,0.00000000,0.00000000,0.00000000,0.00000000,0.00000000,1.00000000
62,1,0.69217957,0.24957065,0.04151374,0.01001301,0.00335917,0.00336387
62,2,0.08753169,0.71114818,0.17594013,0.01953451,0.00213460,0.00371089
62,3,0.01273385,0.16079025,0.68187145,0.12165828,0.01392449,0.00902168
62,4,0.00578669,0.02316641,0.20525093,0.63928489,0.09977040,0.02674068
62,5,0.00392811,0.00528926,0.02713783,0.19669901,0.67857343,0.08837236
62,0,0.00000000,0.00000000,0.00000000,0.00000000,0.00000000,1.00000000
63,1,0.68951823,0.25011265,0.04254577,0.01050926,0.00353982,0.00377427
63,2,0.08616354,0.70869714,0.17845376,0.02016054,0.00236432,0.00416069
63,3,0.01268466,0.15916036,0.67989241,0.12397550,0.01434892,0.00993815
63,4,0.00583333,0.02322622,0.20322374,0.63785378,0.10120715,0.02865579
63,5,0.00366121,0.00537791,0.02747633,0.19414960,0.67551716,0.09381779
63,0,0.00000000,0.00000000,0.00000000,0.00000000,0.00000000,1.00000000
64,1,0.68678350,0.25062533,0.04359815,0.01102876,0.00372974,0.00423452
64,2,0.08480274,0.70613764,0.18097334,0.02080320,0.00261831,0.00466476
64,3,0.01263347,0.15751966,0.67780153,0.12631493,0.01478373,0.01094669
64,4,0.00587926,0.02328192,0.20117977,0.63630949,0.10264582,0.03070373
64,5,0.00341105,0.00546580,0.02780764,0.19155461,0.67219878,0.09956211
64,0,0.00000000,0.00000000,0.00000000,0.00000000,0.00000000,1.00000000
65,1,0.68397052,0.25110634,0.04467074,0.01157244,0.00392933,0.00475064
65,2,0.08344877,0.70346375,0.18349625,0.02146256,0.00289909,0.00522958
65,3,0.01258017,0.15586716,0.67559263,0.12867480,0.01522890,0.01205633
65,4,0.00592442,0.02333326,0.19911794,0.63464646,0.10408485,0.03289307
65,5,0.00317661,0.00555274,0.02813087,0.18891316,0.66860946,0.10561715
65,0,0.00000000,0.00000000,0.00000000,0.00000000,0.00000000,1.00000000
66,1,0.68107396,0.25155315,0.04576333,0.01214123,0.00413902,0.00532932
66,2,0.08210106,0.70066895,0.18601954,0.02213869,0.00320938,0.00586238
66,3,0.01252464,0.15420181,0.67325909,0.13105311,0.01568441,0.01327694
66,4,0.00596871,0.02337994,0.19703709,0.63285885,0.10552256,0.03523284
66,5,0.00295696,0.00563853,0.02844505,0.18622439,0.66474041,0.11199464
66,0,0.00000000,0.00000000,0.00000000,0.00000000,0.00000000,1.00000000
67,1,0.67808803,0.25196299,0.04687561,0.01273606,0.00435925,0.00597807
67,2,0.08075901,0.69774609,0.18853992,0.02283156,0.00355216,0.00657125
67,3,0.01246676,0.15252244,0.67079376,0.13344754,0.01615018,0.01461931
67,4,0.00601204,0.02342168,0.19493606,0.63094055,0.10695712,0.03773256
67,5,0.00275120,0.00572296,0.02874923,0.18348756,0.66058294,0.11870612
67,0,0.00000000,0.00000000,0.00000000,0.00000000,0.00000000,1.00000000
68,1,0.67500639,0.25233282,0.04800719,0.01335788,0.00459045,0.00670526
68,2,0.07942196,0.69468730,0.19105372,0.02354110,0.00393072,0.00736520
68,3,0.01240639,0.15082785,0.66818896,0.13585554,0.01662609,0.01609517
68,4,0.00605430,0.02345816,0.19281362,0.62888516,0.10838656,0.04040220
68,5,0.00255850,0.00580579,0.02904236,0.18070201,0.65612852,0.12576282
68,0,0.00000000,0.00000000,0.00000000,0.00000000,0.00000000,1.00000000
69,1,0.67182215,0.25265934,0.04915756,0.01400762,0.00483308,0.00752024
69,2,0.07808921,0.69148393,0.19355680,0.02426714,0.00434863,0.00825428
69,3,0.01234338,0.14911671,0.66543642,0.13827418,0.01711195,0.01771736
69,4,0.00609540,0.02348906,0.19066852,0.62668605,0.10980874,0.04325224
69,5,0.00237808,0.00588679,0.02932338,0.17786721,0.65136891,0.13317564
69,0,0.00000000,0.00000000,0.00000000,0.00000000,0.00000000,1.00000000
70,1,0.66852776,0.25293893,0.05032607,0.01468623,0.00508758,0.00843343
70,2,0.07675999,0.68812650,0.19604459,0.02500944,0.00480980,0.00924968
70,3,0.01227758,0.14738762,0.66252724,0.14070021,0.01760756,0.01949980
70,4,0.00613522,0.02351404,0.18849947,0.62433628,0.11122137,0.04629362
70,5,0.00220919,0.00596571,0.02959121,0.17498276,0.64629620,0.14095494
70,0,0.00000000,0.00000000,0.00000000,0.00000000,0.00000000,1.00000000
71,1,0.66511499,0.25316762,0.05151193,0.01539459,0.00535441,0.00945646
71,2,0.07543348,0.68460462,0.19851193,0.02576764,0.00531846,0.01036387
71,3,0.01220882,0.14563907,0.65945190,0.14312997,0.01811260,0.02145764
71,4,0.00617365,0.02353274,0.18630517,0.62182866,0.11262199,0.04953779
71,5,0.00205114,0.00604229,0.02984472,0.17204843,0.64090294,0.14911049
71,0,0.00000000,0.00000000,0.00000000,0.00000000,0.00000000,1.00000000
72,1,0.66157487,0.25334108,0.05271421,0.01613359,0.00563399,0.01060226
72,2,0.07410879,0.68090689,0.20095312,0.02654127,0.00587925,0.01161069
72,3,0.01213692,0.14386946,0.65620017,0.14555941,0.01862672,0.02360732
72,4,0.00621056,0.02354478,0.18408428,0.61915575,0.11400796,0.05299667
72,5,0.00190328,0.00611627,0.03008276,0.16906416,0.63518221,0.15765131
72,0,0.00000000,0.00000000,0.00000000,0.00000000,0.00000000,1.00000000
73,1,0.65789763,0.25345457,0.05393175,0.01690406,0.00592676,0.01188523
73,2,0.07278497,0.67702085,0.20336176,0.02732971,0.00649716,0.01300555
73,3,0.01206168,0.14207709,0.65276113,0.14798398,0.01914947,0.02596665
73,4,0.00624582,0.02354979,0.18183543,0.61630986,0.11537645,0.05668266
73,5,0.00176500,0.00618737,0.03030417,0.16603012,0.62912777,0.16658557
73,0,0.00000000,0.00000000,0.00000000,0.00000000,0.00000000,1.00000000
74,1,0.65407259,0.25350290,0.05516324,0.01770677,0.00623315,0.01332136
74,2,0.07146100,0.67293290,0.20573076,0.02813222,0.00717763,0.01456550
74,3,0.01198290,0.14026016,0.64912309,0.15039866,0.01968031,0.02855488
74,4,0.00627929,0.02354734,0.17955726,0.61328306,0.11672445,0.06060860
74,5,0.00163572,0.00625531,0.03050776,0.16294667,0.62273414,0.17592040
74,0,0.00000000,0.00000000,0.00000000,0.00000000,0.00000000,1.00000000
75,1,0.65008815,0.25348043,0.05640708,0.01854241,0.00655354,0.01492839
75,2,0.07013579,0.66862818,0.20805222,0.02894783,0.00792650,0.01630947
75,3,0.01190037,0.13841677,0.64527363,0.15279787,0.02021860,0.03139277
75,4,0.00631083,0.02353703,0.17724839,0.61006721,0.11804874,0.06478779
75,5,0.00151491,0.00631981,0.03069235,0.15981444,0.61599671,0.18566178
75,0,0.00000000,0.00000000,0.00000000,0.00000000,0.00000000,1.00000000
76,1,0.64593169,0.25338095,0.05766144,0.01941160,0.00688831,0.01672601
76,2,0.06880817,0.66409056,0.21031740,0.02977541,0.00875008,0.01825838
76,3,0.01181384,0.13654490,0.64119951,0.15517546,0.02076360,0.03450269
76,4,0.00634030,0.02351842,0.17490745,0.60665401,0.11934591,0.06923391
76,5,0.00140206,0.00638056,0.03085676,0.15663430,0.60891191,0.19581441
76,0,0.00000000,0.00000000,0.00000000,0.00000000,0.00000000,1.00000000
77,1,0.64158951,0.25319773,0.05892420,0.02031480,0.00723778,0.01873597
77,2,0.06747689,0.65930248,0.21251659,0.03061360,0.00965510,0.02043534
77,3,0.01172308,0.13464245,0.63688674,0.15752465,0.02131444,0.03790863
77,4,0.00636752,0.02349106,0.17253307,0.60303498,0.12061235,0.07396102
77,5,0.00129668,0.00643729,0.03099982,0.15340744,0.60147726,0.20638152
77,0,0.00000000,0.00000000,0.00000000,0.00000000,0.00000000,1.00000000
78,1,0.63704675,0.25292342,0.06019291,0.02125236,0.00760225,0.02098231
78,2,0.06614064,0.65424495,0.21463904,0.03146076,0.01064879,0.02286582
78,3,0.01162782,0.13270722,0.63232051,0.15983801,0.02187013,0.04163630
78,4,0.00639235,0.02345449,0.17012391,0.59920152,0.12184423,0.07898350
78,5,0.00119833,0.00648968,0.03112038,0.15013531,0.59369154,0.21736475
78,0,0.00000000,0.00000000,0.00000000,0.00000000,0.00000000,1.00000000
79,1,0.63228733,0.25255002,0.06146474,0.02222445,0.00798192,0.02349153
79,2,0.06479803,0.64889745,0.21667292,0.03231499,0.01173880,0.02557782
79,3,0.01152779,0.13073694,0.62748526,0.16210739,0.02242952,0.04571309
79,4,0.00641460,0.02340825,0.16767867,0.59514496,0.12303754,0.08431598
79,5,0.00110658,0.00653746,0.03121733,0.14681972,0.58555490,0.22876400
79,0,0.00000000,0.00000000,0.00000000,0.00000000,0.00000000,1.00000000
80,1,0.62729391,0.25206886,0.06273649,0.02323102,0.00837696,0.02629276
80,2,0.06344758,0.64323791,0.21860517,0.03317407,0.01293323,0.02860205
80,3,0.01142270,0.12872925,0.62236468,0.16432389,0.02299131,0.05016817
80,4,0.00643411,0.02335185,0.16519609,0.59085660,0.12418804,0.08997331
80,5,0.00102105,0.00658034,0.03128960,0.14346279,0.57706893,0.24057729
80,0,0.00000000,0.00000000,0.00000000,0.00000000,0.00000000,1.00000000
81,1,0.62204782,0.25147052,0.06400450,0.02427178,0.00878742,0.02941796
81,2,0.06208775,0.63724266,0.22042145,0.03403542,0.01424058,0.03197214
81,3,0.01131226,0.12668173,0.61694175,0.16647783,0.02355404,0.05503239
81,4,0.00645069,0.02328481,0.16267497,0.58632777,0.12529130,0.09597045
81,5,0.00094135,0.00661804,0.03133616,0.14006697,0.56823683,0.25280066
81,0,0.00000000,0.00000000,0.00000000,0.00000000,0.00000000,1.00000000
82,1,0.61652903,0.25074486,0.06526462,0.02534615,0.00921326,0.03290208
82,2,0.06071695,0.63088646,0.22210608,0.03489607,0.01566974,0.03572470
82,3,0.01119617,0.12459191,0.61119887,0.16855873,0.02411604,0.06033828
82,4,0.00646417,0.02320664,0.16011421,0.58154989,0.12634273,0.10232238
82,5,0.00086713,0.00665028,0.03135607,0.13663509,0.55906343,0.26542801
82,0,0.00000000,0.00000000,0.00000000,0.00000000,0.00000000,1.00000000
83,1,0.61071616,0.24988092,0.06651219,0.02645322,0.00965432,0.03678319
83,2,0.05933353,0.62414249,0.22364191,0.03575265,0.01722987,0.03989954
83,3,0.01107410,0.12245733,0.60511787,0.17055528,0.02467549,0.06611993
83,4,0.00647434,0.02311685,0.15751277,0.57651454,0.12733750,0.10904400
83,5,0.00079806,0.00667681,0.03134845,0.13317030,0.54955533,0.27845105
83,0,0.00000000,0.00000000,0.00000000,0.00000000,0.00000000,1.00000000
84,1,0.60458643,0.24886698,0.06774196,0.02759168,0.01011027,0.04110267
84,2,0.05793579,0.61698247,0.22501035,0.03660130,0.01893036,0.04453973
84,3,0.01094573,0.12027552,0.59868021,0.17245531,0.02523034,0.07241290
84,4,0.00648101,0.02301494,0.15486976,0.57121356,0.12827067,0.11615005
84,5,0.00073383,0.00669740,0.03131252,0.12967612,0.53972095,0.29185918
84,0,0.00000000,0.00000000,0.00000000,0.00000000,0.00000000,1.00000000
85,1,0.59811578,0.24769049,0.06894809,0.02875979,0.01058064,0.04590521
85,2,0.05652202,0.60937677,0.22619125,0.03743766,0.02078067,0.04969163
85,3,0.01081074,0.11804403,0.59186712,0.17424581,0.02577833,0.07925396
85,4,0.00648401,0.02290044,0.15218441,0.56563912,0.12913712,0.12365490
85,5,0.00067414,0.00671181,0.03124760,0.12615642,0.52957056,0.30563946
85,0,0.00000000,0.00000000,0.00000000,0.00000000,0.00000000,1.00000000
86,1,0.59127890,0.24633813,0.07012403,0.02995529,0.01106475,0.05123890
86,2,0.05509051,0.60129460,0.22716291,0.03825685,0.02279023,0.05540490
86,3,0.01066881,0.11576054,0.58465977,0.17591296,0.02631698,0.08668093
86,4,0.00648312,0.02277287,0.14945611,0.55978382,0.12993161,0.13157248
86,5,0.00061872,0.00671985,0.03115313,0.12261540,0.51911633,0.31977658
86,0,0.00000000,0.00000000,0.00000000,0.00000000,0.00000000,1.00000000
87,1,0.58404936,0.24479582,0.07126259,0.03117535,0.01156168,0.05715519
87,2,0.05363956,0.59270430,0.22790215,0.03905343,0.02496819,0.06173237
87,3,0.01051961,0.11342282,0.57703957,0.17744211,0.02684360,0.09473228
87,4,0.00647815,0.02263177,0.14668443,0.55364079,0.13064878,0.13991608
87,5,0.00056730,0.00672134,0.03102866,0.11905757,0.50837232,0.33425281
87,0,0.00000000,0.00000000,0.00000000,0.00000000,0.00000000,1.00000000
88,1,0.57639984,0.24304880,0.07235582,0.03241651,0.01207029,0.06370873
88,2,0.05216756,0.58357366,0.22838430,0.03982135,0.02732325,0.06872988
88,3,0.01036285,0.11102883,0.56898839,0.17881789,0.02735527,0.10344678
88,4,0.00646892,0.02247671,0.14386915,0.54720383,0.13128321,0.14869818
88,5,0.00051963,0.00671613,0.03087388,0.11548776,0.49735448,0.34904811
88,0,0.00000000,0.00000000,0.00000000,0.00000000,0.00000000,1.00000000
89,1,0.56830236,0.24108172,0.07339503,0.03367460,0.01258913,0.07095717
89,2,0.05067297,0.57387043,0.22858337,0.04055396,0.02986333,0.07645595
89,3,0.01019822,0.10857676,0.56048893,0.18002428,0.02784883,0.11286298
89,4,0.00645523,0.02230726,0.14101027,0.54046750,0.13182945,0.15793030
89,5,0.00047549,0.00670410,0.03068864,0.11191106,0.48608061,0.36414010
89,0,0.00000000,0.00000000,0.00000000,0.00000000,0.00000000,1.00000000
90,1,0.55972862,0.23887875,0.07437077,0.03494469,0.01311644,0.07896074
90,2,0.04915442,0.56356284,0.22847220,0.04124401,0.03259526,0.08497128
90,3,0.01002545,0.10606513,0.55152511,0.18104470,0.02832093,0.12301868
90,4,0.00643690,0.02212304,0.13810804,0.53342725,0.13228203,0.16762274
90,5,0.00043465,0.00668516,0.03047291,0.10833281,0.47457027,0.37950420
90,0,0.00000000,0.00000000,0.00000000,0.00000000,0.00000000,1.00000000
91,1,0.55065046,0.23642381,0.07527284,0.03622099,0.01365013,0.08778177
91,2,0.04761072,0.55262039,0.22802272,0.04188366,0.03552439,0.09433812
91,3,0.00984431,0.10349282,0.54208245,0.18186216,0.02876802,0.13395023
91,4,0.00641375,0.02192371,0.13516300,0.52607956,0.13263554,0.17778444
91,5,0.00039689,0.00665925,0.03022685,0.10475857,0.46284469,0.39511374
91,0,0.00000000,0.00000000,0.00000000,0.00000000,0.00000000,1.00000000
92,1,0.54104041,0.23370074,0.07609035,0.03749684,0.01418772,0.09748393
92,2,0.04604098,0.54101458,0.22720633,0.04246448,0.03865417,0.10461947
92,3,0.00965461,0.10085915,0.53214862,0.18245947,0.02918636,0.14569180
92,4,0.00638563,0.02170897,0.13217597,0.51842209,0.13288463,0.18842271
92,5,0.00036203,0.00662636,0.02995074,0.10119406,0.45092669,0.41094011
92,0,0.00000000,0.00000000,0.00000000,0.00000000,0.00000000,1.00000000
93,1,0.53087231,0.23069365,0.07681172,0.03876463,0.01472636,0.10813132
93,2,0.04444460,0.52871999,0.22599426,0.04297756,0.04198564,0.11587796
93,3,0.00945617,0.09816400,0.52171385,0.18281942,0.02957207,0.15827450
93,4,0.00635238,0.02147856,0.12914810,0.51045376,0.13302414,0.19954307
93,5,0.00032987,0.00658651,0.02964507,0.09764512,0.43884047,0.42695296
93,0,0.00000000,0.00000000,0.00000000,0.00000000,0.00000000,1.00000000
94,1,0.52012209,0.22738722,0.07742483,0.04001580,0.01526276,0.11978730
94,2,0.04282141,0.51571536,0.22435821,0.04341354,0.04551691,0.12817457
94,3,0.00924893,0.09540785,0.51077158,0.18292504,0.02992116,0.17172546
94,4,0.00631385,0.02123229,0.12608088,0.50217492,0.13304908,0.21114898
94,5,0.00030024,0.00653973,0.02931045,0.09411768,0.42661150,0.44312039
94,0,0.00000000,0.00000000,0.00000000,0.00000000,0.00000000,1.00000000
95,1,0.50876867,0.22376714,0.07791712,0.04124082,0.01579321,0.13251304
95,2,0.04117173,0.50198481,0.22227094,0.04376277,0.04924260,0.14156713
95,3,0.00903283,0.09259188,0.49931894,0.18275991,0.03022957,0.18606685
95,4,0.00626993,0.02097003,0.12297617,0.49358748,0.13295473,0.22324166
95,5,0.00027298,0.00648614,0.02894767,0.09061770,0.41426628,0.45940923
95,0,0.00000000,0.00000000,0.00000000,0.00000000,0.00000000,1.00000000
96,1,0.49679498,0.21982057,0.07827576,0.04242919,0.01631359,0.14636591
96,2,0.03949645,0.48751926,0.21970711,0.04401546,0.05315326,0.15610847
96,3,0.00880795,0.08971807,0.48735737,0.18230850,0.03049326,0.20131485
96,4,0.00622052,0.02069171,0.11983619,0.48469502,0.13273670,0.23581986
96,5,0.00024791,0.00642584,0.02855768,0.08715112,0.40183219,0.47578526
96,0,0.00000000,0.00000000,0.00000000,0.00000000,0.00000000,1.00000000
97,1,0.48418899,0.21553670,0.07848787,0.04356955,0.01681936,0.16139752
97,2,0.03779708,0.47231779,0.21664410,0.04416181,0.05723479,0.17184444
97,3,0.00857442,0.08678922,0.47489314,0.18155648,0.03070822,0.21747852
97,4,0.00616554,0.02039737,0.11666355,0.47550288,0.13239098,0.24887968
97,5,0.00022489,0.00635902,0.02814156,0.08372380,0.38933719,0.49221353
97,0,0.00000000,0.00000000,0.00000000,0.00000000,0.00000000,1.00000000
98,1,0.47094494,0.21090732,0.07854081,0.04464974,0.01730562,0.17765158
98,2,0.03607588,0.45638911,0.21306301,0.04419234,0.06146795,0.18881173
98,3,0.00833248,0.08380906,0.46193789,0.18049115,0.03087057,0.23455885
98,4,0.00610492,0.02008709,0.11346126,0.46601828,0.13191404,0.26241441
98,5,0.00020378,0.00628587,0.02770055,0.08034149,0.37680966,0.50865864
98,0,0.00000000,0.00000000,0.00000000,0.00000000,0.00000000,1.00000000
99,1,0.45706448,0.20592742,0.07842242,0.04565695,0.01776711,0.19516162
99,2,0.03433587,0.43975297,0.20894971,0.04409808,0.06582789,0.20703548
99,3,0.00808245,0.08078228,0.44850907,0.17910184,0.03097666,0.25254770
99,4,0.00603865,0.01976106,0.11023272,0.45625041,0.13130284,0.27641431
99,5,0.00018445,0.00620663,0.02723602,0.07700975,0.36427813,0.52508503
99,0,0.00000000,0.00000000,0.00000000,0.00000000,0.00000000,1.00000000
