age,health,Health1,Health2,Health3,Health4,Health5,Death
50,1,0.69334941,0.21611142,0.06275580,0.02262226,0.00161656,0.00354453
50,2,0.09197492,0.64734869,0.23676828,0.02133552,0.00056695,0.00200564
50,3,0.01801202,0.15237094,0.67595781,0.14420602,0.00538796,0.00406525
50,4,0.01234346,0.02023229,0.19758971,0.65271336,0.10377046,0.01335072
50,5,0.00049860,0.04911477,0.00935638,0.26739347,0.62655675,0.04708004
50,0,0.00000000,0.00000000,0.00000000,0.00000000,0.00000000,1.00000000
51,1,0.68815642,0.21919039,0.06353894,0.02348494,0.00180485,0.00382447
51,2,0.09118750,0.64701596,0.23632491,0.02261250,0.00065238,0.00220676
51,3,0.01808496,0.15169190,0.67487906,0.14510375,0.00575596,0.00448437
51,4,0.01220707,0.02090115,0.19548728,0.65327168,0.10379125,0.01434157
51,5,0.00055811,0.04697421,0.00972053,0.26475613,0.62850375,0.04948726
51,0,0.00000000,0.00000000,0.00000000,0.00000000,0.00000000,1.00000000
52,1,0.68288618,0.22227541,0.06432091,0.02437636,0.00201472,0.00412642
52,2,0.09039620,0.64660745,0.23585467,0.02396308,0.00075060,0.00242800
52,3,0.01815675,0.15100394,0.67374871,0.14599551,0.00614860,0.00494648
52,4,0.01207073,0.02158951,0.19338388,0.65375155,0.10379952,0.01540481
52,5,0.00062455,0.04491449,0.01009605,0.26207211,0.63028195,0.05201085
52,0,0.00000000,0.00000000,0.00000000,0.00000000,0.00000000,1.00000000
53,1,0.67753694,0.22536416,0.06510104,0.02529716,0.00224860,0.00445210
53,2,0.08960048,0.64611780,0.23535571,0.02539114,0.00086350,0.00267136
53,3,0.01822728,0.15030627,0.67256282,0.14688021,0.00656747,0.00545595
53,4,0.01193441,0.02229771,0.19127885,0.65414885,0.10379463,0.01654555
53,5,0.00069871,0.04293298,0.01048313,0.25934224,0.63188720,0.05465573
53,0,0.00000000,0.00000000,0.00000000,0.00000000,0.00000000,1.00000000
54,1,0.67210683,0.22845409,0.06587860,0.02624795,0.00250917,0.00480337
54,2,0.08879976,0.64554123,0.23482606,0.02690066,0.00099325,0.00293904
54,3,0.01829640,0.14959802,0.67131712,0.14775665,0.00701423,0.00601758
54,4,0.01179804,0.02302608,0.18917154,0.65445918,0.10377591,0.01776924
54,5,0.00078145,0.04102715,0.01088194,0.25656734,0.63331517,0.05742697
54,0,0.00000000,0.00000000,0.00000000,0.00000000,0.00000000,1.00000000
55,1,0.66659381,0.23154248,0.06665280,0.02722931,0.00279940,0.00518221
55,2,0.08799341,0.64487147,0.23426356,0.02849579,0.00114232,0.00323346
55,3,0.01836394,0.14887829,0.67000699,0.14862351,0.00749063,0.00663663
55,4,0.01166160,0.02377491,0.18706123,0.65467792,0.10374266,0.01908168
55,5,0.00087373,0.03919449,0.01129262,0.25374812,0.63456131,0.06032974
55,0,0.00000000,0.00000000,0.00000000,0.00000000,0.00000000,1.00000000
56,1,0.66099570,0.23462636,0.06742281,0.02824179,0.00312259,0.00559075
56,2,0.08718075,0.64410175,0.23366589,0.03018078,0.00131357,0.00355726
56,3,0.01842975,0.14814605,0.66862740,0.14947936,0.00799853,0.00731890
56,4,0.01152504,0.02454447,0.18494718,0.65480015,0.10369412,0.02048903
56,5,0.00097661,0.03743256,0.01171532,0.25088527,0.63562086,0.06336938
56,0,0.00000000,0.00000000,0.00000000,0.00000000,0.00000000,1.00000000
57,1,0.65531014,0.23770254,0.06818772,0.02928591,0.00348238,0.00603132
57,2,0.08636108,0.64322475,0.23303054,0.03196003,0.00151023,0.00391337
57,3,0.01849365,0.14740024,0.66717288,0.15032262,0.00853987,0.00807074
57,4,0.01138831,0.02533500,0.18282863,0.65482069,0.10362951,0.02199785
57,5,0.00109128,0.03573898,0.01215015,0.24797940,0.63648887,0.06655132
57,0,0.00000000,0.00000000,0.00000000,0.00000000,0.00000000,1.00000000
58,1,0.64953457,0.24076756,0.06894657,0.03036214,0.00388279,0.00650637
58,2,0.08553361,0.64223255,0.23235482,0.03383805,0.00173601,0.00430497
58,3,0.01855542,0.14663968,0.66563752,0.15115156,0.00911670,0.00889912
58,4,0.01125137,0.02614672,0.18070476,0.65473406,0.10354799,0.02361511
58,5,0.00121904,0.03411142,0.01259720,0.24503108,0.63716014,0.06988112
58,0,0.00000000,0.00000000,0.00000000,0.00000000,0.00000000,1.00000000
59,1,0.64366626,0.24381769,0.06969830,0.03147090,0.00432827,0.00701857
59,2,0.08469751,0.64111657,0.23163577,0.03581941,0.00199517,0.00473557
59,3,0.01861485,0.14586310,0.66401492,0.15196429,0.00973116,0.00981168
59,4,0.01111414,0.02697979,0.17857475,0.65453447,0.10344867,0.02534818
59,5,0.00136132,0.03254763,0.01305655,0.24204080,0.63762928,0.07336442
59,0,0.00000000,0.00000000,0.00000000,0.00000000,0.00000000,1.00000000
60,1,0.63770223,0.24684888,0.07044180,0.03261254,0.00482375,0.00757079
60,2,0.08385189,0.63986752,0.23087024,0.03790880,0.00229253,0.00520901
60,3,0.01867171,0.14506913,0.66229811,0.15275875,0.01038549,0.01081681
60,4,0.01097660,0.02783433,0.17643771,0.65421582,0.10333064,0.02720490
60,5,0.00151971,0.03104541,0.01352824,0.23900905,0.63789063,0.07700697
60,0,0.00000000,0.00000000,0.00000000,0.00000000,0.00000000,1.00000000
61,1,0.63163928,0.24985678,0.07117586,0.03378735,0.00537463,0.00816610
61,2,0.08299580,0.63847536,0.23005480,0.04011092,0.00263360,0.00572952
61,3,0.01872573,0.14425630,0.66047958,0.15353269,0.01108205,0.01192366
61,4,0.01083867,0.02871042,0.17429276,0.65377169,0.10319292,0.02919354
61,5,0.00169596,0.02960259,0.01401227,0.23593621,0.63793836,0.08081461
61,0,0.00000000,0.00000000,0.00000000,0.00000000,0.00000000,1.00000000
62,1,0.62547397,0.25283664,0.07189918,0.03499553,0.00598689,0.00880780
62,2,0.08212820,0.63692919,0.22918573,0.04243050,0.00302468,0.00630171
62,3,0.01877663,0.14342301,0.65855120,0.15428364,0.01182325,0.01314226
62,4,0.01070031,0.02960808,0.17213895,0.65319532,0.10303447,0.03132287
62,5,0.00189200,0.02821712,0.01450862,0.23282268,0.63776637,0.08479321
62,0,0.00000000,0.00000000,0.00000000,0.00000000,0.00000000,1.00000000
63,1,0.61920257,0.25578335,0.07261035,0.03623718,0.00666710,0.00949945
63,2,0.08124798,0.63521722,0.22825903,0.04487224,0.00347290,0.00693064
63,3,0.01882410,0.14256755,0.65650419,0.15500893,0.01261165,0.01448358
63,4,0.01056144,0.03052726,0.16997533,0.65247961,0.10285422,0.03360213
63,5,0.00210995,0.02688694,0.01501723,0.22966877,0.63736837,0.08894874
63,0,0.00000000,0.00000000,0.00000000,0.00000000,0.00000000,1.00000000
64,1,0.61282109,0.25869140,0.07330786,0.03751229,0.00742251,0.01024485
64,2,0.08035396,0.63332670,0.22727034,0.04744077,0.00398639,0.00762185
64,3,0.01886782,0.14168807,0.65432905,0.15570562,0.01344985,0.01595958
64,4,0.01042202,0.03146785,0.16780090,0.65161711,0.10265103,0.03604108
64,5,0.00235215,0.02561012,0.01553799,0.22647478,0.63673781,0.09328716
64,0,0.00000000,0.00000000,0.00000000,0.00000000,0.00000000,1.00000000
65,1,0.60632523,0.26155480,0.07399009,0.03882074,0.00826105,0.01104809
65,2,0.07944485,0.63124379,0.22621497,0.05014060,0.00457436,0.00838143
65,3,0.01890742,0.14078259,0.65201557,0.15637054,0.01434056,0.01758332
65,4,0.01028198,0.03242966,0.16561464,0.65060001,0.10242373,0.03864997
65,5,0.00262116,0.02438472,0.01607074,0.22324097,0.63586794,0.09781447
65,0,0.00000000,0.00000000,0.00000000,0.00000000,0.00000000,1.00000000
66,1,0.59971038,0.26436709,0.07465529,0.04016225,0.00919144,0.01191355
66,2,0.07851929,0.62895354,0.22508785,0.05297604,0.00524727,0.00921600
66,3,0.01894251,0.13984898,0.64955274,0.15700022,0.01528655,0.01936901
66,4,0.01014126,0.03341241,0.16341551,0.64942015,0.10217108,0.04143960
66,5,0.00291980,0.02320891,0.01661528,0.21996758,0.63475179,0.10253664
66,0,0.00000000,0.00000000,0.00000000,0.00000000,0.00000000,1.00000000
67,1,0.59297162,0.26712129,0.07530156,0.04153638,0.01022324,0.01284592
67,2,0.07757581,0.62643980,0.22388350,0.05595112,0.00601694,0.01013282
67,3,0.01897267,0.13888496,0.64692872,0.15759091,0.01629064,0.02133210
67,4,0.00999978,0.03441573,0.16120245,0.64806900,0.10189178,0.04442126
67,5,0.00325115,0.02208089,0.01717134,0.21665482,0.63338216,0.10745964
67,0,0.00000000,0.00000000,0.00000000,0.00000000,0.00000000,1.00000000
68,1,0.58610364,0.26980984,0.07592689,0.04294251,0.01136689,0.01385023
68,2,0.07661283,0.62368509,0.22259601,0.05906950,0.00689674,0.01113982
68,3,0.01899743,0.13788809,0.64413083,0.15813853,0.01735573,0.02348940
68,4,0.00985749,0.03543916,0.15897436,0.64653769,0.10158449,0.04760681
68,5,0.00361860,0.02099893,0.01773861,0.21330287,0.63175166,0.11258934
68,0,0.00000000,0.00000000,0.00000000,0.00000000,0.00000000,1.00000000
69,1,0.57910084,0.27242460,0.07652907,0.04437981,0.01263380,0.01493188
69,2,0.07562867,0.62067057,0.22121901,0.06233437,0.00790171,0.01224566
69,3,0.01901630,0.13685578,0.64114547,0.15863867,0.01848469,0.02585909
69,4,0.00971431,0.03648209,0.15673016,0.64481700,0.10124783,0.05100861
69,5,0.00402583,0.01996134,0.01831669,0.20991190,0.62985269,0.11793156
69,0,0.00000000,0.00000000,0.00000000,0.00000000,0.00000000,1.00000000
70,1,0.57195720,0.27495677,0.07710577,0.04584723,0.01403641,0.01609663
70,2,0.07462154,0.61737593,0.21974563,0.06574831,0.00904881,0.01345978
70,3,0.01902876,0.13578526,0.63795810,0.15908657,0.01968043,0.02846088
70,4,0.00957019,0.03754383,0.15446873,0.64289736,0.10088035,0.05463954
70,5,0.00447688,0.01896650,0.01890512,0.20648208,0.62767745,0.12349198
70,0,0.00000000,0.00000000,0.00000000,0.00000000,0.00000000,1.00000000
71,1,0.56466637,0.27739689,0.07765445,0.04734343,0.01558823,0.01735062
71,2,0.07358951,0.61377931,0.21816851,0.06931315,0.01035705,0.01479248
71,3,0.01903422,0.13467359,0.63455325,0.15947709,0.02094582,0.03131603
71,4,0.00942505,0.03862354,0.15218898,0.64076888,0.10048056,0.05851299
71,5,0.00497614,0.01801283,0.01950334,0.20301357,0.62521796,0.12927616
71,0,0.00000000,0.00000000,0.00000000,0.00000000,0.00000000,1.00000000
72,1,0.55722163,0.27973473,0.07817240,0.04886682,0.01730396,0.01870045
72,2,0.07253056,0.60985726,0.21647975,0.07302980,0.01184769,0.01625495
72,3,0.01903208,0.13351766,0.63091443,0.15980471,0.02228367,0.03444745
72,4,0.00927882,0.03972024,0.14988980,0.63842138,0.10004692,0.06264284
72,5,0.00552840,0.01709882,0.02011074,0.19950652,0.62246609,0.13528944
72,0,0.00000000,0.00000000,0.00000000,0.00000000,0.00000000,1.00000000
73,1,0.54961588,0.28195932,0.07865672,0.05041545,0.01919948,0.02015315
73,2,0.07144253,0.60558465,0.21467091,0.07689804,0.01354447,0.01785939
73,3,0.01902168,0.13231420,0.62702420,0.16006350,0.02369668,0.03787975
73,4,0.00913144,0.04083278,0.14757010,0.63584438,0.09957787,0.06704342
73,5,0.00613884,0.01622300,0.02072659,0.19596109,0.61941352,0.14153696
73,0,0.00000000,0.00000000,0.00000000,0.00000000,0.00000000,1.00000000
74,1,0.54184167,0.28405887,0.07910429,0.05198704,0.02129193,0.02171619
74,2,0.07032317,0.60093468,0.21273301,0.08091633,0.01547377,0.01961905
74,3,0.01900232,0.13105976,0.62286413,0.16024711,0.02518740,0.04163929
74,4,0.00898285,0.04195988,0.14522880,0.63302719,0.09907180,0.07172948
74,5,0.00681311,0.01538394,0.02135006,0.19237746,0.61605183,0.14802360
74,0,0.00000000,0.00000000,0.00000000,0.00000000,0.00000000,1.00000000
75,1,0.53389124,0.28602073,0.07951179,0.05357890,0.02359979,0.02339756
75,2,0.06917008,0.59587883,0.21065648,0.08508154,0.01766479,0.02154827
75,3,0.01897326,0.12975073,0.61841482,0.16034877,0.02675819,0.04575421
75,4,0.00883298,0.04310005,0.14286487,0.62995889,0.09852707,0.07671615
75,5,0.00755730,0.01458028,0.02198024,0.18875582,0.61237244,0.15475392
75,0,0.00000000,0.00000000,0.00000000,0.00000000,0.00000000,1.00000000
76,1,0.52575649,0.28783137,0.07987566,0.05518790,0.02614282,0.02520576
76,2,0.06798079,0.59038691,0.20843126,0.08938870,0.02014972,0.02366262
76,3,0.01893372,0.12838338,0.61365598,0.16036131,0.02841115,0.05025447
76,4,0.00868177,0.04425164,0.14047730,0.62662840,0.09794204,0.08201885
76,5,0.00837797,0.01381070,0.02261606,0.18509638,0.60836671,0.16173218
76,0,0.00000000,0.00000000,0.00000000,0.00000000,0.00000000,1.00000000
77,1,0.51742907,0.28947634,0.08019212,0.05681047,0.02894218,0.02714982
77,2,0.06675273,0.58442711,0.20604675,0.09383065,0.02296384,0.02597893
77,3,0.01888286,0.12695381,0.60856645,0.16027711,0.03014801,0.05517176
77,4,0.00852917,0.04541279,0.13806516,0.62302456,0.09731503,0.08765329
77,5,0.00928221,0.01307392,0.02325637,0.18139939,0.60402592,0.16896219
77,0,0.00000000,0.00000000,0.00000000,0.00000000,0.00000000,1.00000000
78,1,0.50890043,0.29094027,0.08045718,0.05844248,0.03202033,0.02923932
78,2,0.06548325,0.57796616,0.20349188,0.09839778,0.02614558,0.02851536
78,3,0.01881981,0.12545803,0.60312433,0.16008817,0.03197013,0.06053953
78,4,0.00837512,0.04658144,0.13562757,0.61913618,0.09664438,0.09363532
78,5,0.01027762,0.01236871,0.02389985,0.17766514,0.59934129,0.17644739
78,0,0.00000000,0.00000000,0.00000000,0.00000000,0.00000000,1.00000000
79,1,0.50016186,0.29220682,0.08066657,0.06007927,0.03540105,0.03148442
79,2,0.06416968,0.57096949,0.20075522,0.10307759,0.02973655,0.03129147
79,3,0.01874368,0.12389198,0.59730708,0.15978608,0.03387834,0.06639285
79,4,0.00821957,0.04775532,0.13316373,0.61495209,0.09592844,0.09998085
79,5,0.01137233,0.01169388,0.02454508,0.17389396,0.59430406,0.18419069
79,0,0.00000000,0.00000000,0.00000000,0.00000000,0.00000000,1.00000000
80,1,0.49120459,0.29325874,0.08081585,0.06171558,0.03910935,0.03389590
80,2,0.06280934,0.56340155,0.19782503,0.10785441,0.03378138,0.03432830
80,3,0.01865352,0.12225153,0.59109172,0.15936209,0.03587287,0.07276826
80,4,0.00806249,0.04893192,0.13067293,0.61046128,0.09516558,0.10670579
80,5,0.01257502,0.01104830,0.02519047,0.17008623,0.58890548,0.19219450
80,0,0.00000000,0.00000000,0.00000000,0.00000000,0.00000000,1.00000000
81,1,0.48201991,0.29407783,0.08090031,0.06334548,0.04317136,0.03648512
81,2,0.06139956,0.55522615,0.19468943,0.11270892,0.03832755,0.03764840
81,3,0.01854838,0.12053256,0.58445501,0.15880717,0.03795328,0.07970361
81,4,0.00790384,0.05010854,0.12815460,0.60565294,0.09435422,0.11382586
81,5,0.01389492,0.01043087,0.02583425,0.16624242,0.58313689,0.20046064
81,0,0.00000000,0.00000000,0.00000000,0.00000000,0.00000000,1.00000000
82,1,0.47259926,0.29464503,0.08091505,0.06496239,0.04761418,0.03926408
82,2,0.05993780,0.54640701,0.19133657,0.11761782,0.04342493,0.04127588
82,3,0.01842725,0.11873102,0.57737369,0.15811202,0.04011826,0.08723776
82,4,0.00774359,0.05128220,0.12560828,0.60051663,0.09349281,0.12135648
82,5,0.01534180,0.00984052,0.02647453,0.16236306,0.57698977,0.20899033
82,0,0.00000000,0.00000000,0.00000000,0.00000000,0.00000000,1.00000000
83,1,0.46293445,0.29494045,0.08085500,0.06655899,0.05246569,0.04224543
83,2,0.05842165,0.53690836,0.18775485,0.12255344,0.04912525,0.04523644
83,3,0.01828916,0.11684294,0.56982485,0.15726720,0.04236560,0.09541025
83,4,0.00758174,0.05244972,0.12303367,0.59504235,0.09257990,0.12931262
83,5,0.01692593,0.00927624,0.02710921,0.15844877,0.57045576,0.21778409
83,0,0.00000000,0.00000000,0.00000000,0.00000000,0.00000000,1.00000000
84,1,0.45301774,0.29494349,0.08071489,0.06812723,0.05775421,0.04544244
84,2,0.05684898,0.52669578,0.18393319,0.12748341,0.05548124,0.04955740
84,3,0.01813311,0.11486456,0.56178621,0.15626321,0.04469201,0.10426090
84,4,0.00741826,0.05360768,0.12043062,0.58922068,0.09161414,0.13770861
84,5,0.01865811,0.00873704,0.02773603,0.15450026,0.56352679,0.22684177
84,0,0.00000000,0.00000000,0.00000000,0.00000000,0.00000000,1.00000000
85,1,0.44284214,0.29463295,0.08048936,0.06965828,0.06350823,0.04886905
85,2,0.05521797,0.51573712,0.17986138,0.13237035,0.06254556,0.05426762
85,3,0.01795812,0.11279239,0.55323661,0.15509059,0.04709303,0.11382926
85,4,0.00725317,0.05475242,0.11779920,0.58304295,0.09059428,0.14655798
85,5,0.02054957,0.00822199,0.02835252,0.15051840,0.55619510,0.23616242
85,0,0.00000000,0.00000000,0.00000000,0.00000000,0.00000000,1.00000000
86,1,0.43240159,0.29398720,0.08017295,0.07114254,0.06975589,0.05253983
86,2,0.05352724,0.50400368,0.17553046,0.13717171,0.07036935,0.05939756
86,3,0.01776325,0.11062329,0.54415645,0.15374011,0.04956286,0.12415403
86,4,0.00708648,0.05588005,0.11513967,0.57650136,0.08951921,0.15587322
86,5,0.02261193,0.00773018,0.02895603,0.14650415,0.54845339,0.24574432
86,0,0.00000000,0.00000000,0.00000000,0.00000000,0.00000000,1.00000000
87,1,0.42169125,0.29298440,0.07976021,0.07256963,0.07652455,0.05646996
87,2,0.05177602,0.49147150,0.17093319,0.14183966,0.07900051,0.06497911
87,3,0.01754762,0.10835460,0.53452825,0.15220291,0.05209429,0.13527234
87,4,0.00691823,0.05698649,0.11245253,0.56958914,0.08838800,0.16566561
87,5,0.02485715,0.00726073,0.02954370,0.14245865,0.54029487,0.25558490
87,0,0.00000000,0.00000000,0.00000000,0.00000000,0.00000000,1.00000000
88,1,0.41070778,0.29160274,0.07924570,0.07392844,0.08384008,0.06067526
88,2,0.04996421,0.47812290,0.16606453,0.14632124,0.08848158,0.07104554
88,3,0.01731039,0.10598423,0.52433720,0.15047066,0.05467856,0.14721896
88,4,0.00674847,0.05806743,0.10973850,0.56230075,0.08719989,0.17594496
88,5,0.02729735,0.00681282,0.03011248,0.13838320,0.53171341,0.26568074
88,0,0.00000000,0.00000000,0.00000000,0.00000000,0.00000000,1.00000000
89,1,0.39944967,0.28982077,0.07862414,0.07520712,0.09172620,0.06517208
89,2,0.04809258,0.46394806,0.16092220,0.15055864,0.09884721,0.07763131
89,3,0.01705086,0.10351080,0.51357184,0.14853584,0.05730526,0.16002541
89,4,0.00657726,0.05911839,0.10699861,0.55463200,0.08595435,0.18671939
89,5,0.02994477,0.00638565,0.03065909,0.13427931,0.52270369,0.27602750
89,0,0.00000000,0.00000000,0.00000000,0.00000000,0.00000000,1.00000000
90,1,0.38791759,0.28761775,0.07789048,0.07639319,0.10020362,0.06997736
90,2,0.04616286,0.44894682,0.15550729,0.15448977,0.11012140,0.08477185
90,3,0.01676841,0.10093376,0.50222472,0.14639189,0.05996229,0.17371893
90,4,0.00640468,0.06013472,0.10423415,0.54658026,0.08465110,0.19799509
90,5,0.03281152,0.00597844,0.03118006,0.13014871,0.51326134,0.28661992
90,0,0.00000000,0.00000000,0.00000000,0.00000000,0.00000000,1.00000000
91,1,0.37611474,0.28497406,0.07704001,0.07747362,0.10928910,0.07510847
91,2,0.04417797,0.43313045,0.14982485,0.15804910,0.12231431,0.09250332
91,3,0.01646260,0.09825349,0.49029306,0.14403351,0.06263582,0.18832152
91,4,0.00623082,0.06111166,0.10144671,0.53814464,0.08329009,0.20977608
91,5,0.03590947,0.00559047,0.03167173,0.12599338,0.50338313,0.29745182
91,0,0.00000000,0.00000000,0.00000000,0.00000000,0.00000000,1.00000000
92,1,0.36404721,0.28187168,0.07606849,0.07843492,0.11899448,0.08058322
92,2,0.04214204,0.41652340,0.14388443,0.16116889,0.13541903,0.10086221
92,3,0.01613314,0.09547148,0.47777947,0.14145691,0.06531026,0.20384876
92,4,0.00605582,0.06204433,0.09863819,0.52932609,0.08187161,0.22206395
92,5,0.03924992,0.00522102,0.03213025,0.12181560,0.49306716,0.30851605
92,0,0.00000000,0.00000000,0.00000000,0.00000000,0.00000000,1.00000000
93,1,0.35172439,0.27829474,0.07497227,0.07926337,0.12932550,0.08641974
93,2,0.04006062,0.39916490,0.13770065,0.16378067,0.14940818,0.10988498
93,3,0.01577996,0.09259036,0.46469258,0.13866003,0.06796832,0.22030874
93,4,0.00587980,0.06292779,0.09581083,0.52012766,0.08039622,0.23485769
93,5,0.04284343,0.00486943,0.03255156,0.11761797,0.48231312,0.31980448
93,0,0.00000000,0.00000000,0.00000000,0.00000000,0.00000000,1.00000000
94,1,0.33915928,0.27423001,0.07374846,0.07994513,0.14028071,0.09263640
94,2,0.03794069,0.38111029,0.13129361,0.16581716,0.16423074,0.11960752
94,3,0.01540321,0.08961412,0.45104770,0.13564285,0.07059113,0.23770098
94,4,0.00570293,0.06375708,0.09296718,0.51055456,0.07886486,0.24815338
94,5,0.04669942,0.00453506,0.03293149,0.11340345,0.47112252,0.33130806
94,0,0.00000000,0.00000000,0.00000000,0.00000000,0.00000000,1.00000000
95,1,0.32636886,0.26966759,0.07239508,0.08046654,0.15185026,0.09925168
95,2,0.03579069,0.36243192,0.12468914,0.16721442,0.17980923,0.13006460
95,3,0.01500331,0.08654806,0.43686726,0.13240757,0.07315838,0.25601542
95,4,0.00552539,0.06452726,0.09011014,0.50061433,0.07727880,0.26194409
95,5,0.05082586,0.00421729,0.03326572,0.10917539,0.45949900,0.34301675
95,0,0.00000000,0.00000000,0.00000000,0.00000000,0.00000000,1.00000000
96,1,0.31337432,0.26460144,0.07091119,0.08081431,0.16401471,0.10628403
96,2,0.03362055,0.34321950,0.11791890,0.16791432,0.19603753,0.14128920
96,3,0.01458094,0.08339897,0.42218126,0.12895885,0.07564851,0.27523147
96,4,0.00534736,0.06523349,0.08724291,0.49031694,0.07563967,0.27621963
96,5,0.05522882,0.00391555,0.03354982,0.10493759,0.44744861,0.35491961
96,0,0.00000000,0.00000000,0.00000000,0.00000000,0.00000000,1.00000000
97,1,0.30020130,0.25903004,0.06929710,0.08097589,0.17674395,0.11375172
97,2,0.03144150,0.32357970,0.11102019,0.16786708,0.21277974,0.15331178
97,3,0.01413706,0.08017508,0.40702750,0.12530397,0.07803907,0.29531732
97,4,0.00516907,0.06587102,0.08436903,0.47967489,0.07394953,0.29096645
97,5,0.05991209,0.00362926,0.03377935,0.10069436,0.43498015,0.36700478
97,0,0.00000000,0.00000000,0.00000000,0.00000000,0.00000000,1.00000000
98,1,0.28688002,0.25295697,0.06755444,0.08093973,0.18999618,0.12167267
98,2,0.02926598,0.30363499,0.10403556,0.16703389,0.22987015,0.16615943
98,3,0.01367295,0.07688606,0.39145163,0.12145295,0.08030698,0.31622943
98,4,0.00499076,0.06643533,0.08149236,0.46870323,0.07221079,0.30616753
98,5,0.06487667,0.00335792,0.03394984,0.09645051,0.42210555,0.37925951
98,0,0.00000000,0.00000000,0.00000000,0.00000000,0.00000000,1.00000000
99,1,0.27344526,0.24639138,0.06568634,0.08069565,0.20371713,0.13006424
99,2,0.02710732,0.28352161,0.09701199,0.16538931,0.24711475,0.17985502
99,3,0.01319018,0.07354301,0.37550694,0.11741857,0.08242901,0.33791229
99,4,0.00481268,0.06692211,0.07861702,0.45741960,0.07042625,0.32180234
99,5,0.07012026,0.00310101,0.03405689,0.09221144,0.40884015,0.39167025
99,0,0.00000000,0.00000000,0.00000000,0.00000000,0.00000000,1.00000000
